PAC(128-64)
L = 8
T = 0  Error Count = 50000
Rate-profile = rm-polar
design SNR = 3
Convolution poly = , [1 0 1 1 0 1 1]
CRC index = [15, 31, 47, 63, 79, 95, 111, 127] , CRC = 0 bits
Frozen-check = , [84, 88, 98, 100, 104, 112] , Frozen-check = 0 bits
Mismatch = [84, 88, 97, 98, 100, 104, 112] , Mismatch-length = 0 , Mismatch-first = False
Enabling-Criterion =, Perfect
Running : Enabling PMR ROC
Decoding starting Time : 2025-09-07 22-20-28
Running Time : 241 min


SNR = [1.0, 1.5, 2.0]
FER = [0.28554704007858095, 0.14839073466783398, 0.061651233616512334]
average_decoding_attempt = [1.0, 1.0, 1.0]

snr = 1.0
	TPR       = [1.99996000e-05, 1.02197956e-02, 1.02197956e-02, ..., 9.99980000e-01, 1.00000000e+00, 1.00000000e+00]
	FPR       = [0.00000000e+00, 0.00000000e+00, 7.99328564e-06, ..., 9.33200112e-01, 9.33200112e-01, 1.00000000e+00]
	ROC_thres = [ 1.10903411,  2.87419153,  2.87573129, ..., 26.52347289, 26.52367398, 40.00576494]
	precision = [0.28554867, 0.2855503 , 0.28555193, ..., 1.        , 1.        , 1.        ]
	recall    = [1.00000e+00, 1.00000e+00, 1.00000e+00, ..., 3.99992e-05, 1.99996e-05, 0.00000e+00]
	PR_thres  = [40.00576494, 39.5881632 , 39.40066756, ...,  1.28995897,  1.11079899,  1.10903411]

snr = 1.5
	TPR       = [1.999960e-05, 1.099978e-02, 1.099978e-02, ..., 9.999800e-01, 1.000000e+00, 1.000000e+00]
	FPR       = [0.00000000e+00, 0.00000000e+00, 3.48487911e-06, ..., 8.91446016e-01, 8.91446016e-01, 1.00000000e+00]
	ROC_thres = [ 0.8369421 ,  3.19869165,  3.200935  , ..., 29.22236684, 29.22256041, 44.64283531]
	precision = [0.14839118, 0.14839162, 0.14839206, ..., 1.        , 1.        , 1.        ]
	recall    = [1.00000e+00, 1.00000e+00, 1.00000e+00, ..., 3.99992e-05, 1.99996e-05, 0.00000e+00]
	PR_thres  = [44.64283531, 44.47587438, 43.80475198, ...,  1.1309272 ,  1.03807286,  0.8369421 ]

snr = 2.0
	TPR       = [1.9999600e-05, 5.7598848e-03, 5.7598848e-03, ..., 9.9998000e-01, 1.0000000e+00, 1.0000000e+00]
	FPR       = [0.00000000e+00, 0.00000000e+00, 1.31401037e-06, ..., 7.21026400e-01, 7.21026400e-01, 1.00000000e+00]
	ROC_thres = [ 0.9313558 ,  3.10725458,  3.10784285, ..., 30.45985407, 30.45988376, 51.16926942]
	precision = [0.06165131, 0.06165139, 0.06165146, ..., 1.        , 1.        , 1.        ]
	recall    = [1.00000e+00, 1.00000e+00, 1.00000e+00, ..., 3.99992e-05, 1.99996e-05, 0.00000e+00]
	PR_thres  = [51.16926942, 49.90349855, 49.7120334 , ...,  1.35930219,  1.25523636,  0.9313558 ]